A=[3/4, -2/3; 1,0];

B=[1;0];

C=[-2/3,1];

Q=C'*C+0.001*eye(2);

R=0.001;

x_0=[10;10];
